2013-05-18	1	15.120000000000005	76.62
2013-05-23	2	12.5	65.0
2013-05-24	1	6.200000000000003	43.53
2013-05-26	1	9.0	15.5
2013-05-29	1	8.399999999999999	37.4
2013-05-31	3	25.180000000000003	134.01
2013-06-03	1	5.550000000000001	25.05
2013-06-05	1	6.380000000000003	38.21
2013-06-06	1	80.0	85.0
2013-06-07	1	10.0	51.0
2013-06-10	1	6.6200000000000045	39.45
2013-06-11	1	9.149999999999999	45.98
2013-06-12	2	28.5	55.5
2013-06-13	2	35.0	169.5
2013-06-16	2	24.25	159.5
2013-06-18	2	15.850000000000001	85.68
2013-06-20	2	28.89999999999999	146.64999999999998
2013-06-23	1	6.5	51.94
2013-06-24	2	13.280000000000001	73.78
2013-06-25	1	7.6200000000000045	44.45
2013-06-26	1	5.399999999999999	33.4
2013-06-27	5	42.2	181.7
2013-06-28	3	26.950000000000003	172.35999999999999
2013-06-29	1	22.0	44.0
2013-06-30	1	6.200000000000003	38.2
2013-07-01	2	11.5	71.0
2013-07-02	2	13.629999999999999	47.629999999999995
2013-07-03	1	6.5	40.0
2013-07-04	1	12.879999999999995	65.38
2013-07-06	1	5.600000000000001	34.6
2013-07-07	2	34.0	122.0
2013-07-08	1	33.57	47.57
2013-07-09	2	12.600000000000001	77.6
2013-07-10	1	5.100000000000001	23.1
2013-07-11	1	7.380000000000003	37.88
2013-07-12	1	9.600000000000001	42.6
2013-07-14	3	29.400000000000006	209.56
2013-07-15	1	12.0	95.25
2013-07-17	1	19.63	26.63
2013-07-19	2	28.879999999999995	112.38
2013-07-20	3	22.06	115.06
2013-07-22	1	11.799999999999997	81.55
2013-07-23	2	13.399999999999999	51.23
2013-07-24	1	59.33	79.83
2013-07-25	1	8.300000000000004	56.13
2013-07-26	2	16.299999999999997	60.3
2013-07-27	4	22.45	129.28
2013-07-28	1	9.149999999999999	40.65
2013-07-29	1	18.06	24.06
2013-07-30	2	44.88	88.88
2013-07-31	1	8.200000000000003	49.7
2013-08-05	4	541468.56	541624.06
2013-08-06	3	147.16	221.66
2013-08-08	1	9.0	11.0
2013-08-09	2	13.899999999999999	76.72999999999999
2013-08-10	1	9.299999999999997	41.3
2013-08-11	4	47.96	217.79
2013-08-14	8	686819.7199999999	686918.2199999999
2013-08-15	1	5.399999999999999	24.4
2013-08-16	1	13.400000000000006	86.23
2013-08-17	1	198.11	204.11
2013-08-20	1	98.87	107.37
2013-08-21	4	30.76	156.59
2013-08-22	2	13.100000000000001	71.43
2013-08-23	2	26.6	94.93
2013-08-26	3	19.9	127.22999999999999
2013-08-27	1	15.0	27.0
2013-08-28	2	22.229999999999997	133.31
2013-08-29	4	101.45000000000002	186.95000000000002
2013-08-31	2	1241.27	1278.6
2013-09-01	1	7.77	17.27
2013-09-02	1	11.099999999999994	77.35
2013-09-05	1	8.119999999999997	41.62
2013-09-06	2	27.1	82.85
2013-09-07	1	5.600000000000001	34.6
2013-09-08	1	25.0	125.5
2013-09-09	10	88.83	205.99
2013-09-10	3	95.52000000000001	209.17999999999998
2013-09-11	1	6.399999999999999	44.73
2013-09-13	6	41.96000000000001	306.21000000000004
2013-09-14	3	140.03	190.53
2013-09-16	2	56.58	94.08
2013-09-17	2	12.7	65.53
2013-09-18	5	61.02000000000001	282.68
2013-09-19	6	61.589999999999996	316.92
2013-09-20	3	40.15	193.15
2013-09-22	1	5.770000000000003	35.6
2013-09-23	3	23.060000000000006	103.89
2013-09-24	1	6.75	34.75
2013-09-25	1	6.449999999999999	28.95
2013-09-26	3	19.770000000000003	112.6
2013-09-27	1	5.700000000000003	35.2
2013-09-28	4	40.019999999999996	150.51999999999998
2013-09-29	2	18.67	113.5
2013-09-30	2	13.879999999999999	74.71
2013-10-01	1	10.0	35.0
2013-10-02	2	45.5	105.83
2013-10-03	1	5.25	27.25
2013-10-04	1	63.33	89.83
2013-10-05	3	34.75	116.75
2013-10-07	2	80.4	132.4
2013-10-08	1	7.200000000000003	44.2
2013-10-09	3	250.78	301.78
2013-10-10	3	32.82	189.14999999999998
2013-10-11	2	17.769999999999996	108.6
2013-10-12	1	6.5	40.0
2013-10-13	3	20.05	99.88000000000001
2013-10-14	1	7.299999999999997	44.8
2013-10-15	1	6.799999999999997	41.8
2013-10-17	1	7.829999999999998	40.16
2013-10-18	5	49.61	278.19
2013-10-19	2	16.6	141.1
2013-10-20	3	51.25	303.25
2013-10-21	2	47.400000000000006	138.89
2013-10-22	1	8.469999999999999	51.8
2013-10-23	1	13.799999999999997	83.3
2013-10-24	3	28.4	123.05999999999999
2013-10-25	2	66.84	141.84
2013-10-26	3	129.39	238.22
2013-10-27	4	35.13999999999999	223.79999999999998
2013-10-28	1	20.0	47.0
2013-10-30	3	41.57000000000001	237.39999999999998
2013-10-31	3	23.17	139.82999999999998
2013-11-01	3	36.199999999999996	118.19999999999999
2013-11-02	5	50.19	202.51999999999998
2013-11-03	5	186.74	326.74
2013-11-04	1	5.100000000000001	31.6
2013-11-05	5	43.56000000000002	219.72
2013-11-07	4	139.79999999999998	241.13
2013-11-08	1	10.0	17.0
2013-11-09	1	15.0	75.5
2013-11-10	3	26.120000000000005	155.60999999999999
2013-11-11	1	13.899999999999999	61.23
2013-11-12	2	22.800000000000004	72.63
2013-11-13	2	18.25	105.5
2013-11-14	1	20.0	32.0
2013-11-15	3	34.62	101.62
2013-11-16	2	13.509999999999998	76.34
2013-11-17	2	17.580000000000002	45.58
2013-11-18	2	454.62	497.62
2013-11-19	2	27.75	156.82999999999998
2013-11-20	2	16.83	119.66
2013-11-21	2	11.870000000000005	73.2
2013-11-22	4	245.56	314.06
2013-11-23	3	31.160000000000004	170.24
2013-11-24	3	37.86000000000001	128.69
2013-11-26	2	13.670000000000002	93.83
2013-11-27	4	146.6	216.1
2013-11-29	1	7.770000000000003	47.6
2013-11-30	3	24.529999999999998	81.53
2013-12-01	5	46.31	273.8
2013-12-02	1	5.550000000000001	25.05
2013-12-03	2	15.649999999999999	83.15
2013-12-04	2	11.799999999999997	72.8
2013-12-05	5	37.06999999999999	235.57
2013-12-06	2	13.220000000000002	62.72
2013-12-07	5	36.69	238.51000000000002
2013-12-08	1	7.350000000000001	32.85
2013-12-09	1	5.5	12.5
2013-12-10	1	7.299999999999997	44.8
2013-12-11	3	69.18	115.18
2013-12-12	1	6.5	33.5
2013-12-13	5	126.18	331.18
2013-12-14	4	34.75	158.75
2013-12-15	3	21.799999999999997	95.30000000000001
2013-12-16	1	7.579999999999998	38.91
2013-12-17	4	226.38000000000002	328.54
2013-12-18	2	21.57	130.9
2013-12-19	2	19.799999999999997	139.63
2013-12-20	2	29.46	95.78999999999999
2013-12-21	4	84.53999999999999	170.37
2013-12-22	3	33.78	91.28
2013-12-26	1	9.700000000000003	59.2
2013-12-27	1	5.350000000000001	46.68
2013-12-28	1	6.600000000000001	40.6
2013-12-29	1	5.550000000000001	25.05
2013-12-30	1	5.299999999999997	32.8
2013-12-31	1	5.25	27.25
