011EDCD6D636C9F1B0D9AD291AEECC37	1	56.78	65.28
03473FD5D3F2E5113CB40769414CF142	1	55.0	65.0
03B509BD9941FC3C8F4C60467219C362	1	6.770000000000003	41.6
05137E963A1DA985456BF19C3FFC118C	1	8.469999999999999	51.8
051E51520D3FF77D6185A9CAF4881877	1	24.0	104.5
0650335594276D009E5C6937CB6B68B0	1	6.600000000000001	40.6
06DEC4E4484FA5B88D1B4A16049B40AF	1	11.800000000000004	52.13
07E30FEA17B7537003C5F35256DF19C1	1	5.600000000000001	34.6
07E369EB4C1C3E4B8CA7710C37BB543E	1	18.06	24.06
08E6C99451A96C51E9749E6362FEF0B0	1	10.050000000000004	49.88
09232CAC028011A6955E1686C26003F5	1	9.0	15.5
093EED7342EC91164DA52109316791F0	1	6.690000000000001	19.19
094A1CE4174412A199F9D8AB3B5D5740	1	15.0	27.0
09CD42F524BC02D1808575D7D0E1C111	1	112.25	118.75
0A1AA543D6C662EAB84A9AA96DA9A53B	1	11.799999999999997	81.55
0A9070944265B340BF04E284655CF419	1	6.75	30.25
0AD284760902988892E3A0FBBCFD2481	1	8.120000000000005	46.95
0BB61C85B29B80015D67F4445466669C	1	9.23	18.73
0C116FFD204A991C14C42A65280AC6B8	1	5.399999999999999	33.4
0D2F32B5552FF900EAD785767992198A	1	7.200000000000003	44.2
0D3990B4C4A72F7D66E1120FBA734DC2	1	6.149999999999999	27.65
0D4E6CEA9893A846B0ABCA446F92A928	1	21.0	33.0
0D5E83D44A0703472B94287F2D04FC3D	1	20.150000000000006	121.4
0D85797CE2B68486ADC85A7E50E2EC10	1	5.25	27.25
0E9B6B188DAF987DD3201DFD213DF582	1	6.880000000000003	40.71
0EACDB02FEBF57C622D001D0500CC467	1	9.899999999999999	43.9
0F4CC5500F034B932CE8070FF620BD40	1	8.399999999999999	37.4
0F8FBD60B2412B9E285BA717EC1A7804	1	5.25	23.75
0FC762BFFC54AF70C01A552720756D92	1	5.25	27.25
0FF0492E2C0219EF47218DBA46CAA8D5	1	20.0	36.0
104A4FF451013AD9F08746D5076F56C0	1	5.299999999999997	32.8
125007CDEF436A8A5E66E2942A91D7AB	1	8.0	44.33
12FDAB81BE9614186CAF9A9E3A1D8B76	1	7.299999999999997	44.8
139949249538F4AB34EE7169631888C1	1	20.0	42.0
143AA2572E899D7A8423F333355EC373	1	6.120000000000001	31.62
14627F30DE88BB291227A31C4C13F439	1	7.77	17.27
1735076F27B86A649F3564F27CAC1550	1	6.5	51.94
174F00FEDED4FC7517931A15F73D7DB3	1	6.700000000000003	41.2
181D6924F0D9DAD0588CC320A4CECBAE	1	6.57	39.9
184A2590FA505A81A6315CF61D3A8485	1	5.700000000000003	35.2
198DC20099363FBC494DC2447DD26A0C	1	11.25	57.25
1D15AE20780C1268781AD6737C6378E1	2	17.770000000000003	65.1
1DC795ABBE604DFC0F7BB149B9880AB5	1	5.299999999999997	32.8
1DD2326F0BAF89EAFB35A8452CD2121E	1	5.75	29.75
1EBF7BC9FFADA11851E450091A42525C	1	11.530000000000001	20.03
20CC473A656ACD271F57C81956E95DCD	1	6.200000000000003	43.53
20CD1D5477FB8E0E4146F5A48789C688	1	6.200000000000003	38.2
2149EA5FEAD88B39BE2B64358305FA89	1	14.950000000000003	65.78
217517AC9F48CD7AA9E48A154AB9D1B2	1	6.260000000000002	16.26
21D607DBAB106B2CD257EEF2A8F0778D	1	5.399999999999999	24.4
22C016ED79E7E2D19933207F64A4B77A	1	9.299999999999997	41.3
22CAAD1C3D7263F10291267D546DD0C9	1	6.57	40.4
22EDCDBA5AF98FD084560D941475F8D0	1	5.550000000000001	25.05
236D719955887C9FF64C760671BCE4B2	1	7.300000000000004	50.13
27308904A8AF1C56B05751A3ABD52D05	1	6.799999999999997	41.8
2740F6900D7895564765A38E5E5C1DE5	1	5.850000000000001	26.35
27E44A0F3A4FC2BDC641AD0FDD12EBA7	1	446.5	456.0
280B48F6ECAF5B820E338DD03685D733	1	13.799999999999997	83.8
2829D1A92430376AAB0682791C46B4DF	1	8.119999999999997	41.62
283395F6A7E599EDC0D765C93DBD880D	1	10.0	46.5
2856F89F244C0093CC5EA5172BA6F44C	1	5.3700000000000045	33.2
2867D4AF2AC15A048108DE55A5B4F199	1	6.0	90.0
296E5A8DD9E36FB5D4832A0106707369	1	111.22	116.22
29794B768AE8EFE8138CB1D7B12C4BBB	1	8.119999999999997	41.62
2A03BF52CACD559806213395DBFB7A9C	1	17.0	102.5
2D00B4CF05A1A6FDF1BE648F51317CB8	1	7.199999999999999	31.7
2D51AABEBA9F8318419FE821F3F5F285	1	5.399999999999999	33.4
2DF9F6E810F01182AFDBEB6E6BFA55AA	1	6.0	55.83
2EECD71F97EEFFC0EAC6826BF8480E0A	1	8.969999999999999	54.8
2F67C2D9CB37755E9635EDCE68075B3C	1	8.170000000000002	50.0
30268E9EBDE24607979F9E0CF653D44C	1	6.560000000000002	99.31
30D9A68D6923EC3BB20A383748A68BE9	1	12.0	95.25
328499EFD5E25833E4E552053363A2E9	1	22.22	33.72
33A345B9CD591317E83DB1386E602DD7	2	18.58	59.41
33B31BE2B9CDCA915961F3AE3F757566	1	8.200000000000003	49.7
340B41F98001AF580B0D1A173D74EF52	1	7.380000000000003	37.88
34702ED1746729806BDC0470D67FE541	1	7.100000000000001	48.93
3481A161C5790DB735060F1C0938203B	1	7.0	43.0
3604706B3CE53B9A02BD40E3CDB6FB07	1	6.399999999999999	44.73
3633DB91EEEC76F47C16A478D0733B33	1	6.600000000000001	40.6
37C9070BF53050E9280130C8CBFCFA26	1	21.5	43.5
37D740D00BB409DFD5763A3627AB9DC5	1	9.0	46.0
38CDEB64A652C49F0C4E37A9725A7A2F	1	5.879999999999999	30.38
3BEA7AF5AC7964C330F6D3A1A1FE3D56	1	5.68	16.18
3CD6524D8DC23DF418D6D37229C24801	1	9.380000000000003	53.21
3D4E3AEC9733FCB8B51C14FF46E9528D	1	7.0	62.5
3D899AAE65616DEC5D604A9308B80916	1	14.299999999999997	86.3
3F0E154CB70FA2E93F451400AF0D3BBE	1	5.600000000000001	34.6
3F37214FD4A6E12FA343177EE47E5762	1	7.879999999999999	17.88
3F587DFD5EB8423E65119F1FE37D7C34	1	6.5	40.0
3FF2709163DE7036FCAA4E5A3324E4BF	1	14.269999999999996	86.1
40413267CA51809C2F5B0EBEFD35F379	1	5.100000000000001	31.6
4215A39B9D316E2D7D6C1B15A27CF410	1	7.6200000000000045	44.45
42A1275A90A82DDE4C26C844A1D15BC6	1	11.0	17.5
458824E6EA25807327DD848D459F53CB	1	6.75	34.75
477CFFFD2635D3FD823BC67AD3C4995C	1	5.600000000000001	34.6
47AA55317E32669E48988B045CA40416	2	216.99	298.99
47FA56F726A10A6135E6326A67E0D26A	1	6.0	37.0
48C0D7E229C99F44BEBA2E0734BFF86A	1	5.600000000000001	34.6
48D44804028F10124B016D1AC9E63A0B	1	5.620000000000001	29.12
490B044FB17729E2C2F359D0FFDE08FD	1	38.0	228.5
4939753B9F48E19FA81E441ECC31D0E3	1	40.0	77.33
4B69731073498A78F91DD33A530E5E13	1	19.63	26.63
4B8C10F947656D91588BD9C1AD02A61E	1	8.700000000000003	38.7
4BCA29A7FFFCF7DB0075C0BD96B99F84	1	8.969999999999999	54.8
4CBBF8D06EBA621AC54693EF1A5AC5C3	1	8.100000000000001	36.1
4CCD6485B24E79673634FC0612C5C99A	1	8.25	42.25
4D5748840281FA651AC58E2AFC00BEB8	1	100.0	117.5
4D74C0974ACFC69FC64F380C53F281E7	1	8.299999999999997	50.8
4D99D802E67E875D6ADCF281C0B92D79	1	6.0	45.33
4F26FE4CF2F5A46EE2E50541FA1127B5	1	6.799999999999997	41.8
4FC183FB103700EFBC3B24DFE78759B6	1	66.0	74.5
4FD52BBA2025E710407E254C87E33320	1	5.399999999999999	24.4
509F74B569C0EE8737CE1687E44EB665	2	43.0	87.0
50CB041863DF05355A9958B98DD29540	2	16.5	102.5
5103BB07C5DE91660456537820B2E0A6	1	6.75	52.25
52D394BE63CB23A8DB252FC50AC35702	1	7.100000000000001	48.93
5305DE3681B59EC2CD720C3DD8CBFFBC	1	10.0	21.5
53E416ED81EA12901E13CFD20678A3B7	1	5.299999999999997	32.8
5406A2831845BBBC8DB87073C6B9C552	1	22.880000000000003	46.38
552C35C3877F233BED6E191072A9C220	1	59.33	79.83
556952F54BFADF67046C4BA26F03B450	1	5.799999999999997	35.8
56627504A4B4304BCF9AFCF11018B76D	1	9.600000000000001	42.6
573A3C871BE1E7BBC76CAE920DD0EBC9	1	6.399999999999999	39.4
5946C99EE9D4216C0A7395E525F2ED5F	1	12.0	53.5
59B89F77A8033E3BC34C04E55256AF05	1	7.399999999999999	50.73
5A8A623C5DCABA0E7040F093FCC62516	1	6.0	37.0
5AAEE2EC12AA5088DE6709E47354580C	1	5.799999999999997	35.8
5BF5F08AC8BA0C6675D71BF22F8C133A	1	5.299999999999997	32.8
5DDC69BDBDE681EDD75F7F3D4027C6C2	1	5.399999999999999	38.73
5E08CA188A6778B2A356677E002B04DE	1	6.0	49.33
5E4A99D690E31E68E4D8846BA0CA225B	1	7.670000000000002	47.0
5FC9AEBF0871275E8FDDE2C156FE8B3D	4	93.65	101.65
6058B0005EDAAA05375297113052689D	1	7.350000000000001	32.85
60622C4E2340A59C0D911ECEECE65BF7	1	17.700000000000003	106.7
611D3C5B26C2B049F4E07B4BCB8603C0	1	11.200000000000003	49.53
62393AAD8F3BE223B2A520BF56FA3DE7	1	24.900000000000006	108.4
62B53DA51CFECEEF270A7F0053AB978F	1	5.200000000000003	32.2
630BD9A51372BEBA877C2840B3FF014F	1	6.0	44.5
65D32E749D043F4F20197C6EA5CD6806	1	9.619999999999997	49.12
664927CDE376A32789BA48BF55DFB7E3	1	685874.1	685908.1
6676F4B6FC8BA68328B96709C522D718	1	6.399999999999999	39.4
6877D8DC8F7C6E16C6CD974F2F1548E8	1	8.399999999999999	37.4
6B118859F4259ED289C7E3F56664B119	1	6.100000000000001	37.6
6BEE294D93E85320560F1ADC0EB99887	1	5.5	12.5
6BF891CF138684AF46705EDD2B4FC957	1	6.6200000000000045	39.45
6C7DAD5EF42A73A19D63E958D1295970	1	12.75	77.0
6CE629D43850F51CA8E774DA1F2674CB	1	6.0	22.5
6D05D4624F2D09A6C776C2ED82E1709D	1	20.0	28.5
6D746DA42A41E103FA3BE8E0DA2EB757	1	7.649999999999999	34.15
6E1A0599382FDEC857DB066490C128CA	1	6.0	46.83
6E878681FE74C237F3B92703CBD9548A	1	6.299999999999997	38.8
6EDB30CD23A9998941655F6A59C538F7	1	18.5	29.0
6F61B7017885350E854637CFFF976F76	1	9.600000000000001	42.6
6FD4E32B1DADD14CC2D92C7E6DBA4993	1	6.149999999999999	27.65
6FF96788681BBA95420472A1D1C3DD40	1	5.800000000000001	14.3
705B42C8C0BDDF10E83D9FE493152B4E	1	9.66	23.66
7063281628DE4E942B29045A4F425510	1	6.0	37.0
720BEFD7C2C3EA3D6CF75A7273DB75F6	1	9.600000000000001	58.6
7219BDCD5A73597DC5D83D8E086BE71B	1	6.170000000000002	38.0
72CF2CD54249131E1A20E1B9089AD1AA	1	14.900000000000006	109.9
7356659DFDD022D4678C1892721B905F	1	5.899999999999999	36.4
74139EDE996F23873AC413DE722F3ACF	1	80.0	85.0
76602ACE3C283ACF39DF3E72E6AB2055	1	6.5	40.0
77E13F1635E2F498941930E245BF8BE1	1	7.0	43.0
78BDC5685CB73E088178CCEC1E749D49	1	5.9	14.4
7954C46FFFAD655FB0D967EF84B7A4C2	1	7.469999999999999	45.8
798B8485F641D6C21335BB68F13A47EB	2	18.96	109.62
7A85AA5E9E83FEFCF3CF893F5D90A8FB	1	7.880000000000003	40.38
7B19DE6D4D54999531BEB27F758F71F6	7	70.0	91.5
7B236A08782642E927C6562AFCFA6F2F	1	66.64	100.14
7D56E7608468BE86C34B4925FB6E87DE	1	13.899999999999999	61.23
7D803CB609617D0AEB315C33CB2458F4	1	6.300000000000001	28.3
7DF24962858A4FC9964BDBF7872BB446	1	13.170000000000002	79.5
7EF2E6D624C8FB773507AEAAD2601C7C	1	6.969999999999999	42.8
81165E59642D4D8F40839720DC813678	1	8.619999999999997	44.12
8153F678A465F32C9C97A51B4618CB61	1	5.5	34.0
81A9B6B5D08E2AE029D5DA5FFCF8CB18	1	9.700000000000003	59.2
81AFF6CC8A2DBE81B1FAF82F18D0C765	1	5.75	29.75
8210DC39C5839F8C588A2DEDE6270904	1	5.270000000000003	32.6
82C3589BD5DA6C0A5CFB14E012518F05	1	5.120000000000001	26.62
83C4BAC58CC26B024B7219D75FB3B27A	1	5.600000000000001	34.6
8528C0116910CADD8E9CE558C9492CF8	1	15.349999999999994	92.6
865B7DA1DA7B99AFEDB34AB1DD3B1072	1	150.0	164.5
86F414E1BEC52D3F50A7C81EFEFB00D1	1	10.0	100.5
880A146A8ECEAA534E95A228A8C5ADEE	1	10.0	19.0
881BD341064701ECFDD7E353F33A7AC1	1	8.969999999999999	54.8
8825DADE0F96C166FC12C7FDAFAA757C	1	8.399999999999999	37.4
883E4BE278753FF83EDB3B17678EC479	1	12.870000000000005	78.2
8933673701C357E628897645D24EAD40	1	5.5	28.5
8953362DA7C267D5CFE24C615242DBA9	1	7.770000000000003	47.6
895B724327F771D89FD3135A1F9B5D9F	1	10.600000000000009	69.93
8B7EEA176AC86D8CD3A8A20AB528136F	1	10.0	26.5
8BF9BAA331EA7EF71B6D2426C6B7BFAB	1	20.0	32.0
8C8D972018C4D1EB89A3869F72715E0D	1	6.100000000000001	37.6
8CF2F54FEAF585FE4E79F6703BA00F80	1	73.69	80.69
8D99FE078419A6C1A6951CDB49C03493	1	6.75	34.75
8DFCBCD56ADA8274A183733D910EA40C	1	9.149999999999999	40.65
8F5FE1DDE09FDBEF1C3882E327DB0AB9	2	12.599999999999994	77.6
90927FF1D5D15147C43BE2DD1A64F366	1	10.700000000000003	65.2
918CDC4E1F1AA98C60A6BE75FC09DE0E	1	9.700000000000003	59.2
91C2B317A2646B77A1B18C7521CCA3FC	1	7.75	39.25
9205E3332588A0D2C40E7545A7F4843A	1	7.600000000000001	33.93
93563CC6D4A7AB6AABAABA3585FB139A	1	10.0	63.5
938BCF45BE393D00ECD46979C73AEEE3	1	19.189999999999998	96.44
93FE89714E8AC5A49A38F9B348B13C56	1	28.0	169.5
94F624B83608B4075E6DF95399407E33	1	6.0	47.0
951B8927761942728A941B7898206063	1	20.0	54.33
9540A8B61746AB8ABBE4E32C9684CA42	1	11.599999999999994	70.6
95807A951D6A17ACE9245E82A2EC978B	1	10.799999999999997	65.8
976A3EF58DC1AA6B4C9E2A1A0AD07ED6	1	6.600000000000001	40.6
978F7ACBEF4A975C11F2A22D0797E92D	1	8.0	39.0
986EB4028C754A1CD496957B407D5847	1	18.0	37.5
98E8220EB9F476B0CCEC91102335CC2A	1	15.0	75.5
9A5E51FA0C2D0760E454CB7348521C08	1	64.4	99.4
9AB9E0F124D42BC702D0BBCFDA6B68FF	1	14.89	43.89
9ABB138785153D38A598076B39B6332F	1	5.120000000000001	26.62
9B402AD9C0CF34782F860BFC051B4D20	1	9.799999999999997	59.8
9B5C40278C7CB26F3CE1F7C7CA30E3A9	1	9.0	54.5
9BC5DBB33B9923DBED8EA282CB0D1043	1	7.270000000000003	44.6
9C2C09C9DEE73CE3F71CCA9A408F9846	1	6.299999999999997	38.8
9CA0EE0D72706FD3529786AFE6DA4072	1	6.449999999999999	28.95
9CDF9000E75E9C177BE343822DFFCD8D	1	80.0	111.5
9CE18EDB6B4D80327E0001A7927A9130	1	32.75	49.75
9D584DC474302C1A2C2B786C03BFCA73	1	6.0	64.5
9DB1F380D763455EB4DD54032E36D750	1	17.25	97.0
9DBAD6B9DF5501AD37903CC68183CD8D	1	8.07	49.4
9DD4FFB1A841ECAFBDA65A6FDF5B112C	1	6.449999999999999	28.95
9DEC049116E7E379D509DFC1704FF9E8	1	13.799999999999997	83.3
9EF9BDBB82A4AE1990AE869F10294239	1	7.350000000000001	32.85
9EFB32599D1D71770A0340D4FECAB31A	1	51.2	66.2
9F516377979B619165575E5B709D1379	1	9.149999999999999	45.98
9F864AA43C21676F359C90E605406B24	1	21.61	30.11
A10D5BD46643B695E86CA42502EA6717	1	20.0	47.0
A184A9DDD5039C03E1FC1CA01CF81856	1	5.770000000000003	35.6
A22BBDDA821D23433950D67E8623DA2A	1	5.299999999999997	32.8
A25A312D677CC7EFC4B041E999493410	1	5.100000000000001	23.1
A2746BA76DA873AF3E41FFB6A6893275	1	7.299999999999997	44.8
A276F69D2DD47ADC1AE1113159CC59E0	1	5.899999999999999	36.4
A2AB59B1DBAB1A0157369F1D63529C2F	1	8.0	49.0
A40230F3433396AC916FE0BA95C03182	1	5.620000000000001	29.12
A41455D174AA5EF93FF84385C885F2CC	1	6.5	13.5
A4D90291DD321C451C9D70F1B2A51EE3	1	19.25	96.75
A5B1D820971DAAB187A4FED6C5A02F69	1	17.75	107.0
A6C3C194825ECA7051D5AD637170B388	1	5.550000000000001	25.05
A8961E73753049334B9F544CD95174EB	1	5.550000000000001	25.05
A8AF2BBE183F38333410ACA1025E7348	1	7.170000000000002	44.0
A936C3B790C772391E124E3B313CEB72	1	9.469999999999999	57.8
A977DA6CD04789044D53B619ACA32BFE	1	7.07	43.4
A9929376AA66392C48B3FE12234ED6CA	1	7.0	48.33
A9F3060F75483304C3268FFD7A6E2440	1	33.57	47.57
AA2495D72B847D461635FFA68C1EC108	1	11.599999999999994	84.35
AA4ABADA4D8C72CEA06DF19145D71214	1	6.380000000000003	38.21
AB2BB5469D980B72B4BAAB51C399B83E	1	98.87	107.37
AB67835709BCCB0C98BA03166505E398	1	7.100000000000001	54.35
AB69D795CCB17D38D94DC6E1569E9845	1	7.3700000000000045	45.2
AC5E79E6DDFF70CCB304B1374BB8B8E1	1	5.100000000000001	23.1
AC8DD9FB850C7C2F2A39C4DE5C94CA94	1	6.5	40.0
AD2655F7B00F585097A34CFDB78FB191	1	6.710000000000001	34.54
ADEA4B2260ADBF7CBD5F1CF16276BB88	1	15.0	27.0
AE87C2EF09CCC3391AF4C769872A52DE	1	10.579999999999998	53.91
AFD2BCC5210546DBF500BEB74015C585	1	10.0	51.0
AFE084DC5B3BFE745C838F3055340584	1	9.450000000000003	41.95
B01FA1DFF0EFA7400213A54B9B0D0AFC	1	5.5	39.33
B054E6D978AD5A50A5EDCD41347A6D82	1	12.030000000000001	20.53
B05BFB3785C927E262929C8D45C5EA45	1	10.0	17.0
B0F05A4024780A56A97507192DF9F4C9	1	11.0	86.5
B1515483BAAFBC7DB7677DE5F46764A0	1	100.0	131.0
B3B2A1F2211DA8CF2F7F58B2ECCE4DB3	1	6.300000000000001	28.3
B54ABD47DC3B5E1CCE11759127350BFE	1	1234.52	1243.02
B6A1BF5429607F211DAC64AAD5BF9475	1	8.619999999999997	44.12
B6A7E0FAEFAFA7931C6B363EA3CBEC71	1	25.0	150.5
B6D8779A34F5C2E34DB5FBED18A2301F	1	8.100000000000001	49.6
B779130A1058D5AF2462CD70F7B74F20	1	22.0	42.5
B7B0FE3EB5AC8D7C546376FBA771C4A8	1	5.880000000000001	11.38
B8241BEDA7B6CE83F9AF29EBFB0E09DE	1	25.0	125.5
B82B4DC4693A2711C6C94709EA2306ED	1	8.300000000000004	56.13
B8E5FF92AB48FA64191F8CA849A6FDE3	1	11.099999999999994	77.35
B8EE3C99545422F8FC0EB1EA892F9E13	1	6.75	30.25
B93E2DD0E2C6F07E285B66C7F21F446A	1	10.0	49.83
B9B5A2D2F2F3BF0F0B87A0C5A9CC73B3	1	23.590000000000003	41.09
B9D6CB5BB1ECE2FC4010272137D2A336	1	8.0	42.33
BAACBB56DF754210460440682E090EAC	1	5.120000000000001	26.12
BABBE9B46D12D3386F67661879BB1EB9	2	15.5	95.0
BB438110EF3D13446C4E9661B2C4CF6E	1	9.600000000000001	63.93
BBDF6CF2205DECA89ABD813A6D78587C	1	5.899999999999999	36.4
BBE7FC587418DCD3C556647D6D30C9FB	1	13.299999999999997	80.3
BC447BB2441875006AA1954CFDF9FE97	1	5.200000000000003	32.2
BCB5EE2E7B5FC58D37941B573805F585	1	8.0	12.5
BD6F533D116A0E94A81E7C1FB9020399	1	6.25	37.58
BF8E4EB52586EF69904DE1298E68CBF7	1	11.11	18.11
BFAB6CF7B374FDCEA0CAF7BC420AF9F7	1	200.0	213.5
C226A73C0CF9305322F1A4FC90D18890	1	8.380000000000003	42.88
C4165D33DFB797ABFD1C92DC42AF722C	1	6.100000000000001	37.6
C4490BBA742AA95D11CCB24B174912CA	1	22.0	44.0
C4536B818521815E23CB25B80E88AD35	1	6.75	34.75
C547778100387B58D789079F2D0ECA17	1	6.75	35.58
C59AC42F5AD836D8313B58D924F23BA4	1	15.120000000000005	76.62
C5A4A177F0B19AE6113FBF1CD6AC0D60	1	5.300000000000004	38.13
C606B43D1199D6A76ED88981B6D2D072	1	5.100000000000001	23.1
C617C18C8270F35E970788CFA4B976B0	1	9.100000000000001	40.43
C6C5D87BEAC11500C3306A656A03535B	1	15.5	30.0
C7FC546AF6A7E602411BCA0D1AEBA006	1	25.0	125.5
CAA7C470670D9F16898D9F1010644327	1	10.0	86.66
CBC6181973866BE6A55243F0E4DBE7ED	1	5.25	27.25
CBCE9C6235B35153486129400262DFC0	1	10.21	52.04
CC6A45AF263A18FF913EC15FD2BDB60E	1	7.5	45.5
CCD80210FD0950D6EABEA1F3941BD016	1	7.579999999999998	38.91
CE1646548073362382F54582588FC68D	1	5.620000000000001	29.12
CF72DC38A57DE4A517B4FE23C0B2462A	1	5.25	27.25
CFCD208495D565EF66E7DFF9F98764DA	4	858.83	866.83
CFEB16BB5A2FB5F5D423832603A6EB2D	1	10.050000000000004	49.88
D05DEF3DD93BBCF5D596476C8C18A138	1	5.5	28.5
D127DA0A62B004301363CB7D11FDCAE6	1	22.46	27.46
D18EAC5D5E343B285CA60013D2B14503	1	5.299999999999997	32.8
D3351C6964BD3E25F503D73B519DFF58	1	6.200000000000003	38.2
D39FDD8625A1911737FC1D742474418B	1	8.119999999999997	41.62
D4E50B6426E5E8662DDDE7CCA92A9664	1	5.550000000000001	25.05
D52FCD9B87C9B387613EB8B9AA27B299	1	5.379999999999999	27.88
D53FE155E562AF6AF9D201A70496F343	1	5.350000000000001	46.68
D564CF80649B58195B203DDF42ED70B7	1	7.700000000000003	47.2
D5E2ACFD0B693A70DCA0C89A8BA88A59	1	5.65	13.65
D85DAA078BEE6753D5A85E0FBDD3208B	1	5.100000000000001	31.6
D93F0375544D4D751E3FC3A0505E7105	1	6.399999999999999	44.73
DA8019354DE7F3B0B71E5BA1590F1BAE	1	10.829999999999998	55.16
DC7B8B9AECBCECFC5F95EA0F1B8CA22F	1	5.299999999999997	32.8
DD15F0BEEDB4BCF24E88B4434AF13E05	1	16.0	33.0
DDF6E6A3848B03DBB83EFC42C96E24F8	1	6.120000000000001	31.62
DE55EF1ECD21286D0DAF039E9675376E	1	5.510000000000002	20.51
DF4BAB14955C1C8B84B2B77ABF483863	1	9.469999999999999	57.8
E039F5D386D5FDE954146DCD61B2CF09	1	7.399999999999999	50.73
E0C21F4E58AD55C58C91B958308F6D36	1	57.84	87.34
E17DCA20E68F03BE5D185791B1B16902	1	10.0	17.5
E3A6D38FE31198AB104AD3B9E599114D	1	14.400000000000006	86.89
E46769BA706EE19EE9929431F12D71FD	1	20.0	120.5
E4F99C9ABE9861F18BCD38BC63D007A9	1	541422.56	541432.56
E654C536ABFACA0815EC04586E9DC846	1	6.700000000000003	46.53
E72C8E4472CEE30962F43E3DD984E0D5	1	208.02	221.02
E81AAC9F6475427F9CD6E96426CF26B9	1	16.22	41.22
E827883E6923CA7CE19D5CD96C17F449	1	10.0	30.0
E880FE20DD02FD276457BC6DF23440A8	1	23.099999999999994	110.85
EAADE8138C418D622C0A588CB93CE232	1	7.200000000000003	32.2
EAF09F5A76036321ED9526991F3EAD32	1	5.200000000000003	32.2
EC347F4083EA90F831219BEB3770A5B4	1	9.0	41.5
ED312DA4B5812589FF569977280375CD	1	5.879999999999999	30.38
ED659E6025D5FD02BB56EAB10D14335B	1	13.400000000000006	86.23
EDA1917FE493DC0A672ACE319448B150	1	115.16	121.66
F054CC340F6F7793D92889ADD9FB5393	1	5.5	28.5
F08DE8CEC79418E3D044176C8000B7E3	1	6.770000000000003	41.6
F1BB2639674918EB26B0BFFA38A6EB08	1	63.33	89.83
F228CBD65CD14DC75951A2A6AE9A0A28	1	5.879999999999999	30.38
F242D605023F00EA60A74C0A3B54E83E	1	5.100000000000001	31.6
F2C7FDB05E538C17D13EAC7406771790	1	6.600000000000001	40.6
F408BA5D19241C30A51F2884FD4D7B64	1	7.829999999999998	40.16
F53609CEAC9CE0E5F051BB65A693409F	1	18.86	41.86
F65F32969737B63FACE1EDA6F3561C08	1	11.0	67.0
F80CFB4D132B9EF816E1B0ECCEE236B0	1	20.0	46.0
F8A6B1EE8DA80763DD0929C2D4C0B0B2	1	7.670000000000002	47.0
F8B5BF9A4FDF01B1FE0AC61BE8283560	1	25.0	49.0
FA9844DF87F8CD641DB58BC2A0E466F8	1	5.600000000000001	34.6
FC02212F54E28E40F399CC1ED9D894CB	1	12.879999999999995	65.38
FD8356F5239FEFFFD89792A45E9DB948	1	5.699999999999999	25.7
FDE4370F03ECB20A57069789E2BFDDC0	1	7.649999999999999	39.48
FE5347DF2DE9780C8366BD50A68B018F	1	5.100000000000001	31.6
FEC0E9D2D55BA5C39E86CC64E55F90A0	1	13.350000000000001	19.35
FFEB80F39533ACF27F3124A39BB05E1E	2	236.15	276.65
